2013-01-01 00:00:00
956.4593416346833, 37.54343552123744, 13.72245612512832, 3343.6138697967467, -2335.9534138560425
-2335.8886365156977
2013-02-01 00:00:00
586.9606112288328, 36.52928709100118, 18.926339146508514, 2690.4288672582315, -2048.1787734797135
-2048.012629791889
2013-03-01 00:00:00
436.2623730601958, 39.379404482937304, 24.18336002488555, 2702.5880757575655, -2203.3027765374413
-2202.7629381895467
2013-04-01 00:00:00
675.0432846711045, 18.74969197504041, 2.6810627958157776, 186.3948295809386, 508.89396611106673
510.07920986102215
2013-05-01 00:00:00
451.05322851770995, 11.005956465467952, 0.031761412433004545, -1593.882472971516, 2053.2019854241844
2055.973419367127
2013-06-01 00:00:00
411.70619964289176, 32.22674791263035, -0.2411016789154461, -2835.900005734346, 3275.8425144373623
3279.5918516109527
